10
DivAnterior	Amort		Seguro	AdmContr Juros	 TR	valorTR   TRNM  Divida
242050.99	3356.00	668.09	67.74	25.00	2595.17	0.00774	1.00215166	520.81	239848.31
239848.31	2620.56	668.87	67.71	25.00	1858.98	0.00774	1.001162	278.70	239458.14
239458.14	2619.61	669.99	67.72	25.00	1856.90	0.00774	1.00167		399.90	239188.05
239188.05	2619.65	671.37	67.75	25.00	1855.53	0.00774	1.002058	492.25	239008.93
239008.93	2617.81	672.27	67.73	25.00	1852.81	0.00774	1.001339	320.03	238656.69
238656.69	2616.53	673.32	67.72	25.00	1850.49	0.00774	1.001563	373.02	238356.39
238356.39	2615.93	674.55	67.73	25.00	1848.65	0.00774	1.001825	435.00	238116.84
238116.84	2615.46	675.82	67.74	25.00	1846.90	0.00774	1.001887	449.33	237890.35
